00001111000000110001100101011111
00000101010000111101101111010001
00001001000000111011011011111111
00001100010000000110100101100111
00000000110000001011000100101100
00001100000000111111001001110000
00000001100000010110110111000101
00001010000000001110010011110010
00001101000000101000101110000110
00000110010000001001001100111100
00000111110000010100000111111010
00001100000000010001001110001111
00001010110000011111100110101000
00000110000000110100110011110111
00001011000000101011100111101000
00001010110000101111110111011100
00001000110000011111010011000010
00000100110000100111111101001111
00001100110000011000001010110001
00001010010000000010110010110111
00000000100000011010100101100000
00001111110000100110111011101100
00001111100000001001111100110100
00001110110000011010110110000000
00001001110000101111011010110001
00000001100000011010000101110011
00001100000000000001101000100111
00000001000000010101000101111111
00000010100000101010001010010101
00000110000000101111001011010111
00000001110000001010001111101000
00001110110000111011011110010011
00000110010000111000001010111100
00000010010000001001110011111110
00001110000000100001010101001001
00001100010000010100100110010110
00000011010000110001100111000110
00000001100000011011110100110110
00001010100000111100011111100001
00001100010000000111010111000010
00000110010000001111000101111101
00000010010000001110110011110111
00001000010000011111111101011011
00001001110000110000000101110001
00000101110000110100100001110011
00001110100000001101111011001101
00001101100000101000111001110111
00001110110000111111010011101010
00001000100000100000001001010101
00001101000000010101101001001110
00001111100000101000101111111010
00000011110000010111001000011110
00001100000000100001000110110001
00000010000000100100011010001110
00000110100000011100100010001001
00001100100000011010011011010000
00000101100000000001000100011011
00001000000000110101010011110001
00000101110000111100110001110011
00000010010000101010100111101111
00001001100000010001100000001001
00000010010000011101010100011110
00001000110000001110001000111110
00001001100000101111001010111011
00001110000000011101100110011001
00001001100000000111101101001100
00001001110000110010100100011101
00001000100000101010100011011100
00000001010000011000101011100110
00000101110000011110111111001001
00000111010000000011010111100110
00001100000000001110101000101111
00000100000000101010011111111010
00001001010000010100110110111001
00001110100000100110010111101011
00000011000000001010101010100010
00000000110000101111111111111101
00000110010000101110000110000000
00001110010000110110011001000101
00000010000000000011001001010001
00000110000000000111111000001001
00000110000000010000101011001100
00001100110000011111001001101010
00000010010000010000101010011111
00001011010000011100011111001111
00000011010000110000111100100000
00000000000000001011110001010100
00000011100000001101100011010010
00000100000000111010101111110010
00001001010000101100110111011100
00000100110000010010100101000001
00000110100000110101100000100100
00001011010000101110110011111101
00000101000000110011010110010010
00001110110000110110011010011101
00001001010000111101101110000000
00000001000000111101111000010110
00000100110000100110010010011101
00001100110000100110011010110101
00001001110000101001100001010001
